
北京知春东里证券营业部 客户交割单
客户号:9990585341  姓名:王文渊   货币:人民币  日期:20131014-->20140122
=================================================================================================================
发生日期    证券账户  成交数  成交均价      手续费    印花税等        变动金额        资金余额    摘          要

20131022 E011376294    12500    6.100       61.000        7.50       -76318.50       -76318.50    融资买入中国重工
20131022                  0    0.000        0.000        0.00        76318.50            0.00    融资借入

20131025 E011376294     2400    5.800       11.140        1.44       -13932.58       -13932.58    融资买入中国重工
20131025                  0    0.000        0.000        0.00        13932.58            0.00    融资借入


20131108 E011376294     2500    5.490       10.980        1.50       -13737.48       -13737.48    融资买入中国重工
20131108                  0    0.000        0.000        0.00        13737.48            0.00    融资借入

20131112 E011376294     2500    5.560       11.120       15.40        13873.48        13873.48    卖券还款中国重工
20131112                  0    0.000        0.000        0.00       -13873.48            0.00    偿还融资负债本金中国重工

20131114 E011376294     5000    5.960       23.840       32.80        29743.36        29743.36    担保品卖出中国重工
20131114                  0    0.000        0.000        0.00       -29743.36            0.00    偿还融资负债本金中国重工

20131120 E011376294     2000    6.250       10.000       13.70        12476.30        12476.30    担保品卖出中国重工
20131120                  0    0.000        0.000        0.00       -12476.30            0.00    偿还融资负债本金中国重工

20131121 E011376294     2000    6.020        9.630        1.20       -12050.83       -12050.83    融资买入中国重工
20131121                  0    0.000        0.000        0.00        12050.83            0.00    融资借入


20131127 E011376294     2000    6.130        9.810       13.46        12236.73        12236.73    担保品卖出中国重工
20131127                  0    0.000        0.000        0.00         -459.53        11777.20    偿还融资利息中国重工
20131127                  0    0.000        0.000        0.00          -86.58        11690.62    偿还融资利息中国重工
20131127                  0    0.000        0.000        0.00          -39.36        11651.26    偿还融资利息中国重工
20131127                  0    0.000        0.000        0.00       -11651.26            0.00    偿还融资负债本金中国重工

20131128 0601142237      600   22.500       10.800       13.50        13475.70        13475.70    担保品卖出金 螳 螂
20131128 0601142237     1200   22.510        0.000        0.00            0.00        13475.70    担保物转出金 螳 螂
20131128                  0    0.000        0.000        0.00        -8574.10         4901.60    偿还融资负债本金
20131128                  0    0.000        0.000        0.00        -4901.60            0.00    偿还融资负债本金

20131129 E011376294     2000    6.280       10.050       13.76        12536.19        12536.19    担保品卖出中国重工
20131129                  0    0.000        0.000        0.00        -9030.98         3505.21    偿还融资负债本金中国重工
20131129                  0    0.000        0.000        0.00        -3505.21            0.00    偿还融资负债本金中国重工

20131202 E011376294     2000    5.950        9.520        1.20       -11910.72       -11910.72    融资买入中国重工

20131202                  0    0.000        0.000        0.00        11910.72            0.00    融资借入

20131204 E011376294     2000    6.150        9.840       13.50        12276.66        12276.66    担保品卖出中国重工
20131204 0601142237      500   25.220       10.090       12.61        12587.30        24863.96    担保品卖出金 螳 螂
20131204                  0    0.000        0.000        0.00       -10006.44        14857.52    偿还融资负债本金
20131204                  0    0.000        0.000        0.00        -2580.86        12276.66    偿还融资负债本金
20131204                  0    0.000        0.000        0.00       -10232.27         2044.39    偿还融资负债本金中国重工
20131204                  0    0.000        0.000        0.00        -2044.39            0.00    偿还融资负债本金中国重工

20131211 E011376294     2000    6.010        9.620        1.20       -12030.82       -12030.82    融资买入中国重工
20131211 0601142237      700   23.690       13.270        0.00       -16596.27       -28627.09    融资买入金 螳 螂
20131211 0601142237      700   23.960       13.420       16.77        16741.81       -11885.28    担保品卖出金 螳 螂
20131211                  0    0.000        0.000        0.00        16596.27         4710.99    融资借入
20131211                  0    0.000        0.000        0.00        12030.82        16741.81    融资借入
20131211                  0    0.000        0.000        0.00       -16596.27          145.54    偿还融资负债本金金 螳 螂

20131212 0601142237      600   23.770       11.410        0.00       -14273.41       -14127.87    融资买入金 螳 螂
20131212 0601142237      600   24.080       11.560       14.45        14421.99          294.12    卖券还款金 螳 螂
20131212                  0    0.000        0.000        0.00        14273.41        14567.53    融资借入
20131212                  0    0.000        0.000        0.00        -9329.86         5237.67    偿还融资负债本金金 螳 螂
20131212                  0    0.000        0.000        0.00        -5092.13          145.54    偿还融资负债本金金 螳 螂

20131213 E011376294     2500    5.920       11.840        1.50       -14813.34       -14667.80    融资买入中国重工
20131213                  0    0.000        0.000        0.00        14813.34          145.54    融资借入

20131216 E011376294     2500    5.750       11.500        1.50       -14388.00       -14242.46    融资买入中国重工
20131216 E011376294     2500    5.850       11.700        1.50       -14638.20       -28880.66    融资买入中国重工
20131216                  0    0.000        0.000        0.00        14388.00       -14492.66    融资借入
20131216                  0    0.000        0.000        0.00        14638.20          145.54    融资借入

20131218 E011376294     2500    5.730       11.460        1.50       -14337.96       -14192.42    融资买入中国重工
20131218 0601142237      600   22.840       10.960        0.00       -13714.96       -27907.38    融资买入金 螳 螂
20131218                  0    0.000        0.000        0.00        13714.96       -14192.42    融资借入
20131218                  0    0.000        0.000        0.00        14337.96          145.54    融资借入

20131219 E011376294     2500    5.600       11.200        1.50       -14012.70       -13867.16    融资买入中国重工
20131219 E011376294     3000    5.590        0.000        0.00            0.00       -13867.16    担保物转入中国重工
20131219                  0    0.000        0.000        0.00        14012.70          145.54    融资借入

20131220                  0    0.000        0.000        0.00            0.01          145.55    利息归本
20131220 0601142237      700   21.910        0.000        0.00            0.00          145.55    担保物转入金 螳 螂
20131220 E011376294     2400    5.440        0.000        0.00            0.00          145.55    担保物转入中国重工
20131220 E011376294     2200    5.460        9.610        1.32       -12022.93       -11877.38    融资买入中国重工
20131220 0601142237      300   50.830       12.200       15.25        15221.55         3344.17    担保品卖出美的集团
20131220                  0    0.000        0.000        0.00        12022.93        15367.10    融资借入

20131223                  0    0.000        0.000        0.00         -280.11        15086.99    偿还融资利息

20131226 E011376294     2500    5.450       10.900        1.50       -13637.40         1449.59    融资买入中国重工
20131226 E011376294     2500    5.460        0.000        0.00            0.00         1449.59    担保物转入中国重工
20131226                  0    0.000        0.000        0.00        13637.40        15086.99    融资借入

20140106                  0    0.000        0.000        0.00        12470.00        27556.99    银行转证券
20140106 E011376294     2500    5.420       10.840        1.50       -13562.34        13994.65    融资买入中国重工
20140106                  0    0.000        0.000        0.00        13562.34        27556.99    融资借入

20140116 E011376294     5700    4.820       21.980        3.42       -27499.40           57.59    担保品买入中国重工
20140116 E011376294     5700    4.860       22.160       31.12        27648.72        27706.31    担保品卖出中国重工
20140116                  0    0.000        0.000        0.00        -6938.69        20767.62    偿还融资负债本金中国重工
20140116                  0    0.000        0.000        0.00       -14813.34         5954.28    偿还融资负债本金中国重工
20140116                  0    0.000        0.000        0.00        -5896.69           57.59    偿还融资负债本金中国重工

20140117 E011376294     3600    4.820       13.880        2.16       -17368.04       -17310.45    融资买入中国重工
20140117                  0    0.000        0.000        0.00        17368.04           57.59    融资借入

20140120 E011376294     3600    4.840       13.940       19.58        17390.48        17448.07    担保品卖出中国重工
20140120                  0    0.000        0.000        0.00        -8741.51         8706.56    偿还融资负债本金中国重工
20140120                  0    0.000        0.000        0.00        -8648.97           57.59    偿还融资负债本金中国重工
20140121                  0    0.000        0.000        0.00          -57.59            0.00    偿还融资利息


20140207 E011376294     2500    5.160       10.320       14.40        12875.28        12875.28    担保品卖出中国重工
20140207 E011376294     2500    5.350       10.700       14.88        13349.42        26224.70    担保品卖出中国重工

20140207                  0    0.000        0.000        0.00          -92.94        26131.76    偿还融资利息中国重工
20140207                  0    0.000        0.000        0.00          -95.58        26036.18    偿还融资利息中国重工
20140207                  0    0.000        0.000        0.00         -102.82        25933.36    偿还融资利息中国重工
20140207                  0    0.000        0.000        0.00         -106.59        25826.77    偿还融资利息中国重工
20140207                  0    0.000        0.000        0.00         -106.28        25720.49    偿还融资利息中国重工
20140207                  0    0.000        0.000        0.00         -101.63        25618.86    偿还融资利息中国重工
20140207                  0    0.000        0.000        0.00         -103.80        25515.06    偿还融资利息中国重工
20140207                  0    0.000        0.000        0.00          -88.97        25426.09    偿还融资利息中国重工
20140207                  0    0.000        0.000        0.00          -81.50        25344.59    偿还融资利息中国重工
20140207                  0    0.000        0.000        0.00          -45.36        25299.23    偿还融资利息中国重工
20140207                  0    0.000        0.000        0.00          -12.45        25286.78    偿还融资利息中国重工
20140207                  0    0.000        0.000        0.00        -5739.03        19547.75    偿还融资负债本金中国重工
20140207                  0    0.000        0.000        0.00        -6198.33        13349.42    偿还融资负债本金中国重工
20140207                  0    0.000        0.000        0.00        -8139.63         5209.79    偿还融资负债本金中国重工
20140207                  0    0.000        0.000        0.00        -5209.79            0.00    偿还融资负债本金中国重工

20140210 E011376294     2500    5.640       11.280       15.60        14073.12        14073.12    担保品卖出中国重工
20140210                  0    0.000        0.000        0.00        -8802.91         5270.21    偿还融资负债本金中国重工
20140210                  0    0.000        0.000        0.00        -5270.21            0.00    偿还融资负债本金中国重工

20140212 E011376294     2500    5.620       11.240        1.50       -14062.74       -14062.74    融资买入中国重工
20140212 E011376294     2500    5.560       11.120        1.50       -13912.62       -27975.36    融资买入中国重工
20140212 E011376294     2500    5.590       11.180       15.48        13948.34       -14027.02    担保品卖出中国重工
20140212                  0    0.000        0.000        0.00        14062.74           35.72    融资借入
20140212                  0    0.000        0.000        0.00        13912.62        13948.34    融资借入
20140212                  0    0.000        0.000        0.00        -6752.72         7195.62    偿还融资负债本金中国重工
20140212                  0    0.000        0.000        0.00        -7195.62            0.00    偿还融资负债本金中国重工

20140213 E011376294     2500    5.540       11.080        1.50       -13862.58       -13862.58    融资买入中国重工
20140213 E011376294     2500    5.440       10.880        1.50       -13612.38       -27474.96    融资买入中国重工
20140213                  0    0.000        0.000        0.00        13862.58       -13612.38    融资借入
20140213                  0    0.000        0.000        0.00        13612.38            0.00    融资借入
20140214 E011376294     2500    5.420       10.840        1.50       -13562.34       -13562.34    融资买入中国重工
20140214 E011376294     2500    5.460       10.920       15.15        13623.93           61.59    担保品卖出中国重工
20140214                  0    0.000        0.000        0.00        13562.34        13623.93    融资借入
20140214                  0    0.000        0.000        0.00        -6441.78         7182.15    偿还融资负债本金中国重工
20140214                  0    0.000        0.000        0.00        -7182.15            0.00    偿还融资负债本金中国重工
20140217 E011376294     2500    5.620       11.240       15.55        14023.21        14023.21    担保品卖出中国重工
20140217                  0    0.000        0.000        0.00        -6380.19         7643.02    偿还融资负债本金中国重工
20140217                  0    0.000        0.000        0.00        -7643.02            0.00    偿还融资负债本金中国重工
20140218 0601142237      600   21.850       10.490       13.11        13086.40        13086.40    担保品卖出金 螳 螂
20140218 E011376294     2500    5.620       11.240       15.55        14023.21        27109.61    担保品卖出中国重工
20140218 0601142237      600   22.440       10.770       13.46        13439.77        40549.38    担保品卖出金 螳 螂
20140218                  0    0.000        0.000        0.00       -13086.40        27462.98    偿还融资负债本金金 螳 螂
20140218                  0    0.000        0.000        0.00        -1187.01        26275.97    偿还融资负债本金金 螳 螂
20140218                  0    0.000        0.000        0.00       -12252.76        14023.21    偿还融资负债本金金 螳 螂
20140218                  0    0.000        0.000        0.00        -9725.02         4298.19    偿还融资负债本金中国重工
20140218                  0    0.000        0.000        0.00        -4298.19            0.00    偿还融资负债本金中国重工
20140220 E011376294     2500    5.520       11.040        1.50       -13812.54       -13812.54    融资买入中国重工
20140220                  0    0.000        0.000        0.00        13812.54            0.00    融资借入
20140221 0601142237      600   20.710        9.940        0.00       -12435.94       -12435.94    融资买入金 螳 螂
20140221                  0    0.000        0.000        0.00        12435.94            0.00    融资借入
20140224 0601142237      600   19.780        9.490        0.00       -11877.49       -11877.49    融资买入金 螳 螂
20140224 E011376294     2500    5.210       10.420        1.50       -13036.92       -24914.41    融资买入中国重工
20140224                  0    0.000        0.000        0.00        11877.49       -13036.92    融资借入
20140224                  0    0.000        0.000        0.00        13036.92            0.00    融资借入
20140225 E011376294     2500    5.050       10.100        1.50       -12636.60       -12636.60    融资买入中国重工
20140225                  0    0.000        0.000        0.00        12636.60            0.00    融资借入
20140227 E011376294     2500    5.120       10.240       14.30        12775.46        12775.46    担保品卖出中国重工
20140227                  0    0.000        0.000        0.00          -98.89        12676.57    偿还融资利息中国重工
20140227                  0    0.000        0.000        0.00          -24.67        12651.90    偿还融资利息中国重工
20140227                  0    0.000        0.000        0.00          -61.70        12590.20    偿还融资利息中国重工
20140227                  0    0.000        0.000        0.00          -95.76        12494.44    偿还融资利息中国重工
20140227                  0    0.000        0.000        0.00          -66.58        12427.86    偿还融资利息中国重工
20140227                  0    0.000        0.000        0.00          -63.51        12364.35    偿还融资利息中国重工
20140227                  0    0.000        0.000        0.00          -78.04        12286.31    偿还融资利息中国重工
20140227                  0    0.000        0.000        0.00          -85.57        12200.74    偿还融资利息中国重工
20140227                  0    0.000        0.000        0.00         -118.51        12082.23    偿还融资利息中国重工
20140227                  0    0.000        0.000        0.00          -24.82        12057.41    偿还融资利息中国重工
20140227                  0    0.000        0.000        0.00          -26.57        12030.84    偿还融资利息中国重工
20140227                  0    0.000        0.000        0.00          -23.17        12007.67    偿还融资利息中国重工
20140227                  0    0.000        0.000        0.00          -22.75        11984.92    偿还融资利息中国重工
20140227                  0    0.000        0.000        0.00          -19.44        11965.48    偿还融资利息中国重工
20140227                  0    0.000        0.000        0.00        -9764.55         2200.93    偿还融资负债本金中国重工
20140227                  0    0.000        0.000        0.00        -2200.93            0.00    偿还融资负债本金中国重工
20140228 0601142237      600   18.490        8.880        0.00       -11102.88       -11102.88    融资买入金 螳 螂
20140228                  0    0.000        0.000        0.00        11102.88            0.00    融资借入
20140303 E011376294     2500    5.320       10.640       14.80        13274.56        13274.56    担保品卖出中国重工
20140303                  0    0.000        0.000        0.00       -11711.69         1562.87    偿还融资负债本金中国重工
20140303                  0    0.000        0.000        0.00        -1562.87            0.00    偿还融资负债本金中国重工
20140305 0601142237      600   18.740        9.000       11.24        11223.76        11223.76    担保品卖出金 螳 螂
20140305 E011376294     2500    5.220       10.440        1.50       -13061.94        -1838.18    融资买入中国重工
20140305                  0    0.000        0.000        0.00        13061.94        11223.76    融资借入
20140305                  0    0.000        0.000        0.00        -1462.20         9761.56    偿还融资负债本金金 螳 螂
20140305                  0    0.000        0.000        0.00        -9761.56            0.00    偿还融资负债本金金 螳 螂
20140307 0601142237      600   18.460        8.860        0.00       -11084.86       -11084.86    融资买入金 螳 螂
20140307                  0    0.000        0.000        0.00        11084.86            0.00    融资借入
20140310 E011376294     2500    4.870        9.740        1.50       -12186.24       -12186.24    融资买入中国重工
20140310 0601142237      300   40.340        9.680       12.10        12080.22         -106.02    担保品卖出美的集团
20140310 0601142237      600   17.650        8.470        0.00       -10598.47       -10704.49    担保品买入金 螳 螂
20140310                  0    0.000        0.000        0.00        12186.24         1481.75    融资借入
20140313 0601142237      600   17.850        8.570       10.71        10690.72        12172.47    担保品卖出金 螳 螂
20140313                  0    0.000        0.000        0.00        -2674.38         9498.09    偿还融资负债本金金 螳 螂
20140313                  0    0.000        0.000        0.00        -8016.34         1481.75    偿还融资负债本金金 螳 螂
20140320                  0    0.000        0.000        0.00            4.99         1486.74    利息归本
20140321                  0    0.000        0.000        0.00         -818.77          667.97    偿还融资利息
20140421                  0    0.000        0.000        0.00         -667.97            0.00    偿还融资利息
























北京知春东里证券营业部 客户持仓单
客户号:9990585341  姓名:王文渊   货币:人民币  日期:20131014-->20140122
====================================================================================================================
证券账户   证券代码及名称      库存数    当日买入   买入价    当日卖出   卖出价        可用数量                 市值
0601142237 000333-美的集团        437           0    0.000           0    0.000             437              8303.00
0601142237 002081-金 螳 螂       2400           0    0.000           0    0.000            2400             34056.00
E011376294 601989-中国重工      37100           0    0.000        2500    0.000           34600            182532.00
注意：股票库存数为昨日余额，当日买卖和市值仅供参考，具体数据以登记公司为准

可用资金:               1701.02         可用资金+市值合计:             226592.02
