
北京知春东里证券营业部 客户交割单
客户号:9990585341  姓名:王文渊   货币:人民币  日期:20140415-->20140714
=================================================================================================================
发生日期    证券账户  成交数  成交均价      手续费    印花税等        变动金额        资金余额    摘          要
20140421                  0    0.000        0.000        0.00         -667.97            0.00    偿还融资利息
20140429 0601142237      262    0.000        0.000        0.00            0.00            0.00    红股入账美的集团
20140429 0601142237        0    0.000        0.000        0.00          332.50          332.50    红利入账美的集团
20140429                  0    0.000        0.000        0.00         -234.27           98.23    偿还融资利息
20140509 E011376294     2600    4.500        7.020       13.26        11679.72        11777.95    担保品卖出中国重工
20140509                  0    0.000        0.000        0.00       -11679.72           98.23    偿还融资负债本金中国重工
20140521                  0    0.000        0.000        0.00          -98.23            0.00    偿还融资利息
20140613 0601142237     1400    0.000        0.000        0.00            0.00            0.00    红股入账金 螳 螂
20140613 0601142237        0    0.000        0.000        0.00          532.00          532.00    红利入账金 螳 螂
20140613                  0    0.000        0.000        0.00         -532.00            0.00    偿还融资利息
20140620                  0    0.000        0.000        0.00            0.26            0.26    利息归本
20140620                  0    0.000        0.000        0.00           -0.26            0.00    偿还融资利息
20140627 E011376294    39600    0.000        0.000        0.00         1730.52         1730.52    红利入账中国重工
20140627 E011376294     5000    4.740       14.220       26.70        23659.08        25389.60    担保品卖出中国重工
20140627 0601142237      900   14.050        7.590       12.65        12624.76        38014.36    担保品卖出金 螳 螂
20140627                  0    0.000        0.000        0.00           -4.64        38009.72    偿还融资利息金 螳 螂
20140627                  0    0.000        0.000        0.00         -100.76        37908.96    偿还融资利息金 螳 螂
20140627                  0    0.000        0.000        0.00         -100.44        37808.52    偿还融资利息金 螳 螂
20140627                  0    0.000        0.000        0.00         -102.30        37706.22    偿还融资利息金 螳 螂
20140627                  0    0.000        0.000        0.00          -28.53        37677.69    偿还融资利息金 螳 螂
20140627                  0    0.000        0.000        0.00          -96.45        37581.24    偿还融资利息金 螳 螂
20140627                  0    0.000        0.000        0.00          -93.62        37487.62    偿还融资利息金 螳 螂
20140627                  0    0.000        0.000        0.00         -138.81        37348.81    偿还融资利息金 螳 螂
20140627                  0    0.000        0.000        0.00         -196.56        37152.25    偿还融资利息金 螳 螂
20140627                  0    0.000        0.000        0.00         -166.93        36985.32    偿还融资利息金 螳 螂
20140627                  0    0.000        0.000        0.00         -183.33        36801.99    偿还融资利息金 螳 螂
20140627                  0    0.000        0.000        0.00        -3861.15        32940.84    偿还融资负债本金金 螳 螂
20140627                  0    0.000        0.000        0.00        -7551.24        25389.60    偿还融资负债本金金 螳 螂
20140627                  0    0.000        0.000        0.00         -619.99        24769.61    偿还融资负债本金中国重工
20140627                  0    0.000        0.000        0.00       -13612.38        11157.23    偿还融资负债本金中国重工
20140627                  0    0.000        0.000        0.00        -9426.71         1730.52    偿还融资负债本金中国重工
20140708 0601142237      900   14.580        7.870       13.12        13101.01        14822.53    担保品卖出金 螳 螂
20140708                  0    0.000        0.000        0.00        -3551.64        11270.89    偿还融资负债本金金 螳 螂
20140708                  0    0.000        0.000        0.00        -9549.37         1721.52    偿还融资负债本金金 螳 螂
20140709 E011376294     2500    4.970        7.460       13.93        12403.61        14116.13    担保品卖出中国重工
20140709                  0    0.000        0.000        0.00        -4135.63         9980.50    偿还融资负债本金中国重工
20140709                  0    0.000        0.000        0.00        -8267.98         1712.52    偿还融资负债本金中国重工
20140710 0601142237      900   13.710        7.400        0.00       -12346.40       -10639.63    融资买入金 螳 螂
20140710 E011376294     2500    4.830        7.250        1.50       -12083.75       -22723.38    融资买入中国重工
20140710 0601142237      900   14.100        7.610       12.69        12669.70       -10053.68    担保品卖出金 螳 螂
20140710                  0    0.000        0.000        0.00        12346.40         2292.72    融资借入
20140710                  0    0.000        0.000        0.00        12083.75        14376.47    融资借入
20140710                  0    0.000        0.000        0.00        -1535.49        12840.98    偿还融资负债本金金 螳 螂
20140710                  0    0.000        0.000        0.00       -11134.21         1706.77    偿还融资负债本金金 螳 螂
20140711 E011376294     2500    4.910        7.370       13.78        12253.85        13960.62    担保品卖出中国重工
20140711                  0    0.000        0.000        0.00        -5544.56         8416.06    偿还融资负债本金中国重工
20140711                  0    0.000        0.000        0.00        -6709.29         1706.77    偿还融资负债本金中国重工








北京知春东里证券营业部 客户持仓单
客户号:9990585341  姓名:王文渊   货币:人民币  日期:20140415-->20140714
====================================================================================================================
证券账户   证券代码及名称      库存数    当日买入   买入价    当日卖出   卖出价        可用数量                 市值
0601142237 000333-美的集团        437           0    0.000           0    0.000             437              8303.00
0601142237 002081-金 螳 螂       2400           0    0.000           0    0.000            2400             34056.00
E011376294 601989-中国重工      37100           0    0.000        2500    0.000           34600            182532.00
注意：股票库存数为昨日余额，当日买卖和市值仅供参考，具体数据以登记公司为准

可用资金:               1701.02         可用资金+市值合计:             226592.02
