
北京知春东里证券营业部 客户交割单
客户号:9990585341  姓名:王文渊   货币:人民币  日期:20131014-->20140122
=================================================================================================================
发生日期    证券账户  成交数  成交均价      手续费    印花税等        变动金额        资金余额    摘          要
20131018 0601142237     1375   46.010        0.000        0.00            0.00            0.00    担保物转入美的集团
20131018 0601142237     2600   21.240        0.000        0.00            0.00            0.00    担保物转入金 螳 螂
20131018 E011376294     2200    6.180        0.000        0.00            0.00            0.00    担保物转入中国重工
20131021 0601142237      300   47.850        0.000        0.00            0.00            0.00    担保物转出美的集团
20131021 0601142237      300   47.850        0.000        0.00            0.00            0.00    担保物转出美的集团
20131022 0601142237      600   22.400        0.000        0.00            0.00            0.00    担保物转入金 螳 螂
20131022 E011376294    12500    6.100       61.000        7.50       -76318.50       -76318.50    融资买入中国重工
20131022                  0    0.000        0.000        0.00        76318.50            0.00    融资借入
20131025 0601142237      300   47.700        0.000        0.00            0.00            0.00    担保物转入美的集团
20131025 E011376294     2400    5.800       11.140        1.44       -13932.58       -13932.58    融资买入中国重工
20131025                  0    0.000        0.000        0.00        13932.58            0.00    融资借入
20131106 E011376294     5000    5.530        0.000        0.00            0.00            0.00    担保物转入中国重工
20131108 E011376294     2500    5.490       10.980        1.50       -13737.48       -13737.48    融资买入中国重工
20131108                  0    0.000        0.000        0.00        13737.48            0.00    融资借入
20131112 E011376294     2500    5.560       11.120       15.40        13873.48        13873.48    卖券还款中国重工
20131112                  0    0.000        0.000        0.00       -13873.48            0.00    偿还融资负债本金中国重工
20131114 E011376294     5000    5.960       23.840       32.80        29743.36        29743.36    担保品卖出中国重工
20131114                  0    0.000        0.000        0.00       -29743.36            0.00    偿还融资负债本金中国重工
20131120 E011376294     2000    6.250       10.000       13.70        12476.30        12476.30    担保品卖出中国重工
20131120                  0    0.000        0.000        0.00       -12476.30            0.00    偿还融资负债本金中国重工
20131121 E011376294     2000    6.020        9.630        1.20       -12050.83       -12050.83    融资买入中国重工
20131121                  0    0.000        0.000        0.00        12050.83            0.00    融资借入
20131126 0601142237      300   47.190        0.000        0.00            0.00            0.00    担保物转出美的集团
20131126 E011376294     2000    6.010        0.000        0.00            0.00            0.00    担保物转入中国重工
20131127 E011376294     2000    6.130        9.810       13.46        12236.73        12236.73    担保品卖出中国重工
20131127                  0    0.000        0.000        0.00         -459.53        11777.20    偿还融资利息中国重工
20131127                  0    0.000        0.000        0.00          -86.58        11690.62    偿还融资利息中国重工
20131127                  0    0.000        0.000        0.00          -39.36        11651.26    偿还融资利息中国重工
20131127                  0    0.000        0.000        0.00       -11651.26            0.00    偿还融资负债本金中国重工
20131128 0601142237      600   22.500       10.800       13.50        13475.70        13475.70    担保品卖出金 螳 螂
20131128 0601142237     1200   22.510        0.000        0.00            0.00        13475.70    担保物转出金 螳 螂
20131128                  0    0.000        0.000        0.00        -8574.10         4901.60    偿还融资负债本金
20131128                  0    0.000        0.000        0.00        -4901.60            0.00    偿还融资负债本金
20131129 E011376294     2000    6.280       10.050       13.76        12536.19        12536.19    担保品卖出中国重工
20131129                  0    0.000        0.000        0.00        -9030.98         3505.21    偿还融资负债本金中国重工
20131129                  0    0.000        0.000        0.00        -3505.21            0.00    偿还融资负债本金中国重工
20131202 E011376294     2000    5.950        9.520        1.20       -11910.72       -11910.72    融资买入中国重工
20131202                  0    0.000        0.000        0.00        11910.72            0.00    融资借入
20131204 E011376294     2000    6.150        9.840       13.50        12276.66        12276.66    担保品卖出中国重工
20131204 0601142237      500   25.220       10.090       12.61        12587.30        24863.96    担保品卖出金 螳 螂
20131204                  0    0.000        0.000        0.00       -10006.44        14857.52    偿还融资负债本金
20131204                  0    0.000        0.000        0.00        -2580.86        12276.66    偿还融资负债本金
20131204                  0    0.000        0.000        0.00       -10232.27         2044.39    偿还融资负债本金中国重工
20131204                  0    0.000        0.000        0.00        -2044.39            0.00    偿还融资负债本金中国重工
20131211 E011376294     2000    6.010        9.620        1.20       -12030.82       -12030.82    融资买入中国重工
20131211 0601142237      700   23.690       13.270        0.00       -16596.27       -28627.09    融资买入金 螳 螂
20131211 0601142237      700   23.960       13.420       16.77        16741.81       -11885.28    担保品卖出金 螳 螂
20131211                  0    0.000        0.000        0.00        16596.27         4710.99    融资借入
20131211                  0    0.000        0.000        0.00        12030.82        16741.81    融资借入
20131211                  0    0.000        0.000        0.00       -16596.27          145.54    偿还融资负债本金金 螳 螂
20131212 0601142237      600   23.770       11.410        0.00       -14273.41       -14127.87    融资买入金 螳 螂
20131212 0601142237      600   24.080       11.560       14.45        14421.99          294.12    卖券还款金 螳 螂
20131212                  0    0.000        0.000        0.00        14273.41        14567.53    融资借入
20131212                  0    0.000        0.000        0.00        -9329.86         5237.67    偿还融资负债本金金 螳 螂
20131212                  0    0.000        0.000        0.00        -5092.13          145.54    偿还融资负债本金金 螳 螂
20131213 E011376294     2500    5.920       11.840        1.50       -14813.34       -14667.80    融资买入中国重工
20131213                  0    0.000        0.000        0.00        14813.34          145.54    融资借入
20131216 E011376294     2500    5.750       11.500        1.50       -14388.00       -14242.46    融资买入中国重工
20131216 E011376294     2500    5.850       11.700        1.50       -14638.20       -28880.66    融资买入中国重工
20131216                  0    0.000        0.000        0.00        14388.00       -14492.66    融资借入
20131216                  0    0.000        0.000        0.00        14638.20          145.54    融资借入
20131218 E011376294     2500    5.730       11.460        1.50       -14337.96       -14192.42    融资买入中国重工
20131218 0601142237      600   22.840       10.960        0.00       -13714.96       -27907.38    融资买入金 螳 螂
20131218                  0    0.000        0.000        0.00        13714.96       -14192.42    融资借入
20131218                  0    0.000        0.000        0.00        14337.96          145.54    融资借入
20131219 E011376294     2500    5.600       11.200        1.50       -14012.70       -13867.16    融资买入中国重工
20131219 E011376294     3000    5.590        0.000        0.00            0.00       -13867.16    担保物转入中国重工
20131219                  0    0.000        0.000        0.00        14012.70          145.54    融资借入
20131220                  0    0.000        0.000        0.00            0.01          145.55    利息归本
20131220 0601142237      700   21.910        0.000        0.00            0.00          145.55    担保物转入金 螳 螂
20131220 E011376294     2400    5.440        0.000        0.00            0.00          145.55    担保物转入中国重工
20131220 E011376294     2200    5.460        9.610        1.32       -12022.93       -11877.38    融资买入中国重工
20131220 0601142237      300   50.830       12.200       15.25        15221.55         3344.17    担保品卖出美的集团
20131220                  0    0.000        0.000        0.00        12022.93        15367.10    融资借入
20131223                  0    0.000        0.000        0.00         -280.11        15086.99    偿还融资利息
20131226 E011376294     2500    5.450       10.900        1.50       -13637.40         1449.59    融资买入中国重工
20131226 E011376294     2500    5.460        0.000        0.00            0.00         1449.59    担保物转入中国重工
20131226                  0    0.000        0.000        0.00        13637.40        15086.99    融资借入
20140106                  0    0.000        0.000        0.00        12470.00        27556.99    银行转证券
20140106 E011376294     2500    5.420       10.840        1.50       -13562.34        13994.65    融资买入中国重工
20140106                  0    0.000        0.000        0.00        13562.34        27556.99    融资借入
20140116 E011376294     5700    4.820       21.980        3.42       -27499.40           57.59    担保品买入中国重工
20140116 E011376294     5700    4.860       22.160       31.12        27648.72        27706.31    担保品卖出中国重工
20140116                  0    0.000        0.000        0.00        -6938.69        20767.62    偿还融资负债本金中国重工
20140116                  0    0.000        0.000        0.00       -14813.34         5954.28    偿还融资负债本金中国重工
20140116                  0    0.000        0.000        0.00        -5896.69           57.59    偿还融资负债本金中国重工
20140117 E011376294     3600    4.820       13.880        2.16       -17368.04       -17310.45    融资买入中国重工
20140117                  0    0.000        0.000        0.00        17368.04           57.59    融资借入
20140120 E011376294     3600    4.840       13.940       19.58        17390.48        17448.07    担保品卖出中国重工
20140120                  0    0.000        0.000        0.00        -8741.51         8706.56    偿还融资负债本金中国重工
20140120                  0    0.000        0.000        0.00        -8648.97           57.59    偿还融资负债本金中国重工
20140121                  0    0.000        0.000        0.00          -57.59            0.00    偿还融资利息























北京知春东里证券营业部 客户持仓单
客户号:9990585341  姓名:王文渊   货币:人民币  日期:20131014-->20140122
====================================================================================================================
证券账户   证券代码及名称      库存数    当日买入   买入价    当日卖出   卖出价        可用数量                 市值
0601142237 000333-美的集团        437           0    0.000           0    0.000             437              8303.00
0601142237 002081-金 螳 螂       2400           0    0.000           0    0.000            2400             34056.00
E011376294 601989-中国重工      37100           0    0.000        2500    0.000           34600            182532.00
注意：股票库存数为昨日余额，当日买卖和市值仅供参考，具体数据以登记公司为准

可用资金:               1701.02         可用资金+市值合计:             226592.02
